Phase-5 error budget (run_error_budget_deep.m)
deep ideal 0.8864 bar 0.8421 | base ideal 0.8555 bar 0.8127 | sweep subset 2000 (ideals 0.8875 / 0.8575)

phase / deep           holds at 0.03, fails at 0.05
                       mag [0 0.005 0.01 0.02 0.03 0.05 0.08 0.12]
                       acc [0.8875 0.8851 0.8858 0.8657 0.8433 0.7381 0.5143 0.3213]
phase / base           holds at 0.03, fails at 0.05
                       mag [0 0.005 0.01 0.02 0.03 0.05 0.08 0.12]
                       acc [0.8575 0.8552 0.8553 0.8429 0.8291 0.7015 0.5345 0.309]
phaseLayer1            holds at 0.02, fails at 0.03
                       mag [0 0.005 0.01 0.02 0.03 0.05 0.08 0.12]
                       acc [0.8875 0.8854 0.8825 0.8739 0.84 0.7368 0.5626 0.3398]
phaseLayer2            holds at 0.05, fails at 0.08
                       mag [0 0.005 0.01 0.02 0.03 0.05 0.08 0.12]
                       acc [0.8875 0.8877 0.8872 0.8898 0.8831 0.8717 0.8367 0.706]
quant / deep           holds at 6, fails at 5
                       mag [12 10 8 7 6 5 4 3]
                       acc [0.8875 0.8855 0.8775 0.895 0.844 0.6625 0.479 0.138]
quant / base           holds at 7, fails at 6
                       mag [12 10 8 7 6 5 4 3]
                       acc [0.857 0.8535 0.856 0.848 0.779 0.6805 0.4395 0.2145]
coupler / deep         holds at 0.01, fails at 0.02
                       mag [0 0.005 0.01 0.02 0.03 0.05 0.08 0.12]
                       acc [0.8875 0.8908 0.8769 0.8263 0.7249 0.5584 0.27 0.1317]
coupler / base         holds at 0.01, fails at 0.02
                       mag [0 0.005 0.01 0.02 0.03 0.05 0.08 0.12]
                       acc [0.8575 0.8538 0.8473 0.8059 0.7553 0.4923 0.3601 0.1296]
loss / deep            holds at 0.3, fails at 0.5
                       mag [0 0.05 0.1 0.2 0.3 0.5 0.8 1.2 2]
                       acc [0.8875 0.89 0.8875 0.885 0.872 0.818 0.6445 0.4775 0.2855]
loss / base            holds at 0.5, fails at 0.8
                       mag [0 0.05 0.1 0.2 0.3 0.5 0.8 1.2 2]
                       acc [0.8575 0.857 0.856 0.8545 0.8485 0.832 0.7225 0.403 0.183]
lossLayer1             holds at 0.3, fails at 0.5
                       mag [0 0.05 0.1 0.2 0.3 0.5 0.8 1.2 2]
                       acc [0.8875 0.8885 0.887 0.884 0.8735 0.8325 0.69 0.5295 0.329]
lossLayer2             holds at 1.2, fails at 2
                       mag [0 0.05 0.1 0.2 0.3 0.5 0.8 1.2 2]
                       acc [0.8875 0.8885 0.888 0.89 0.891 0.8905 0.885 0.8715 0.76]
crosstalk / deep       holds at 0.002, fails at 0.005
                       mag [0 0.0005 0.001 0.002 0.005 0.01 0.02]
                       acc [0.8875 0.8855 0.8845 0.874 0.7845 0.48 0.268]
crosstalk / base       holds at 0.002, fails at 0.005
                       mag [0 0.0005 0.001 0.002 0.005 0.01 0.02]
                       acc [0.8575 0.8565 0.8555 0.8455 0.8055 0.574 0.223]
wavelength / deep      holds at 2, fails at 5
                       mag [0 1 2 5 10 20 30]
                       acc [0.8875 0.8875 0.862 0.2835 0.069 0.262 0.282]
wavelength / base      holds at 5, fails at 10
                       mag [0 1 2 5 10 20 30]
                       acc [0.8575 0.8555 0.8545 0.8415 0.7935 0.4465 0.202]
powerNoiseless         mag [1e-15 1e-14 1e-13 1e-12 1e-11 1e-10 1e-09 1e-08 1e-07 1e-06 1e-05 0.0001 0.0003 0.001 0.003 0.01 0.03 0.1 0.3]
                       acc [0.886 0.887 0.8875 0.8875 0.8875 0.8875 0.8875 0.8875 0.8875 0.8875 0.8875 0.8875 0.8875 0.8875 0.887 0.8875 0.886 0.8845 0.3495]
powerT1 / deep         fails at 1e-15 (the first swept value)
                       mag [1e-15 1e-14 1e-13 1e-12 1e-11 1e-10 1e-09 1e-08 1e-07 1e-06 1e-05 0.0001 0.0003 0.001 0.003 0.01 0.03 0.1 0.3]
                       acc [0.1034 0.1003 0.1012 0.0992 0.1028 0.1015 0.09855 0.1004 0.1004 0.1012 0.596 0.8876 0.8873 0.888 0.8877 0.8875 0.886 0.8845 0.349]
powerT1 / base         fails at 1e-15 (the first swept value)
                       mag [1e-15 1e-14 1e-13 1e-12 1e-11 1e-10 1e-09 1e-08 1e-07 1e-06 1e-05 0.0001 0.0003 0.001 0.003 0.01 0.03 0.1 0.3]
                       acc [0.1054 0.1677 0.6011 0.8404 0.854 0.8564 0.8569 0.8574 0.8575 0.8575 0.8575 0.8575 0.8575 0.8575 0.8575 0.8575 0.8575 0.8575 0.8575]
powerT2 / deep         fails at 1e-15 (the first swept value)
                       mag [1e-15 1e-14 1e-13 1e-12 1e-11 1e-10 1e-09 1e-08 1e-07 1e-06 1e-05 0.0001 0.0003 0.001 0.003 0.01 0.03 0.1 0.3]
                       acc [0.1012 0.0975 0.1021 0.1036 0.0994 0.0957 0.1015 0.1021 0.09685 0.102 0.1012 0.1024 0.1022 0.1803 0.7721 0.8874 0.8868 0.8842 0.3492]
powerT2 / base         fails at 1e-15 (the first swept value)
                       mag [1e-15 1e-14 1e-13 1e-12 1e-11 1e-10 1e-09 1e-08 1e-07 1e-06 1e-05 0.0001 0.0003 0.001 0.003 0.01 0.03 0.1 0.3]
                       acc [0.1019 0.0982 0.09915 0.1051 0.09965 0.09855 0.1033 0.1081 0.1641 0.6006 0.8417 0.855 0.8559 0.8566 0.8572 0.8568 0.8573 0.8572 0.8573]
tap                    holds at 0.02, fails at 0.05
                       mag [0 0.001 0.002 0.005 0.01 0.02 0.05]
                       acc [0.8875 0.8872 0.8892 0.8839 0.8857 0.8523 0.6964]
biasP1                 holds at 0.001, fails at 0.003
                       mag [0 1e-05 3e-05 0.0001 0.0003 0.001 0.003 0.01 0.03 0.1]
                       acc [0.8875 0.8873 0.8871 0.8869 0.8887 0.8841 0.8177 0.4726 0.2761 0.2567]
biasP2                 holds at 0.03, fails at 0.1
                       mag [0 1e-05 3e-05 0.0001 0.0003 0.001 0.003 0.01 0.03 0.1]
                       acc [0.886 0.886 0.886 0.886 0.8859 0.8862 0.8867 0.888 0.8768 0.7654]
eocouplerP1            holds at 0.0003, fails at 0.001
                       mag [0 1e-05 3e-05 0.0001 0.0003 0.001 0.003 0.01 0.03]
                       acc [0.8875 0.8874 0.8873 0.8873 0.8873 0.8365 0.653 0.2814 0.2094]
eocouplerP2            holds at every swept value (to 0.03)
                       mag [0 1e-05 3e-05 0.0001 0.0003 0.001 0.003 0.01 0.03]
                       acc [0.886 0.886 0.886 0.886 0.886 0.886 0.8876 0.8867 0.8473]
gain                   holds at 101, fails at 301
                       mag [0.1 0.5 0.8 1 1.2 1.5 2 4 11 31 101 301 1001]
                       acc [0.8875 0.8875 0.8875 0.8875 0.8875 0.8875 0.887 0.8875 0.8875 0.886 0.884 0.346 0.295]
ampP1                  holds at 1e-11, fails at 3e-11
                       mag [0 1e-13 3e-13 1e-12 3e-12 1e-11 3e-11 1e-10]
                       acc [0.8884 0.8879 0.8879 0.8873 0.8865 0.8688 0.6973 0.3347]
ampP2                  holds at every swept value (to 1e-10)
                       mag [0 1e-13 3e-13 1e-12 3e-12 1e-11 3e-11 1e-10]
                       acc [0.8863 0.886 0.8861 0.8863 0.8863 0.8858 0.8863 0.886]
wavelengthMeshOnly     holds at 5, fails at 10
                       mag [0 1 2 5 10 20 30]
                       acc [0.8875 0.886 0.885 0.8775 0.835 0.694 0.528]
wavelengthP2           holds at 10, fails at 20
                       mag [0 1 2 5 10 20 30]
                       acc [0.886 0.886 0.8855 0.8785 0.8465 0.709 0.539]

exactly-zero MZIs [L1V L1U L2V L2U]: [0 0 0 6]; closed form (L2 U): 6; agrees: 1
